2
2
1
2
2
2
3
2
3
4
3
2
3
2
4
4
6
5
9
15
18
20
21
4
5
7
8
9
22
22
2
2
2
3
4
3
4
2
5
3
9
10
5
15
8
16
16
17
17
2
19
5
20
21
22
4
23
24
24
24
2
2
3
2
4
2
3
2
4
4
5
6
4
8
9
13
14
5
15
15
15
15
16
4
5
17
17
17
22
23
2
2
2
2
3
2
4
4
5
6
2
2
6
8
8
3
4
10
3
11
12
15
23
10
10
24
25
4
6
7
2
2
2
2
4
2
5
2
4
2
3
5
6
4
10
5
11
12
13
14
6
8
22
16
16
17
18
19
20
21
2
2
2
3
2
3
2
2
4
4
5
4
5
9
11
12
13
17
14
14
18
18
3
18
18
19
22
5
6
7
2
2
2
3
4
5
2
2
2
6
4
3
3
9
5
6
7
16
17
17
17
21
19
19
20
20
21
22
22
23
1
2
3
2
3
4
2
2
5
2
4
6
7
8
12
9
10
10
13
14
3
3
15
4
17
21
23
24
25
25
2
2
2
2
2
2
4
3
3
1
5
2
2
7
2
10
13
11
3
14
3
15
18
19
19
19
19
20
22
4
2
2
3
4
2
3
2
2
3
5
9
6
10
4
11
15
16
17
3
18
18
21
19
19
22
23
23
23
23
23
